```text
==============================================
       DIGITAL INTEGRATOR SIMULATION
==============================================
Time    Reset   Enable  Input   Output
----------------------------------------------
16      0       1       1       1
26      0       1       1       2
36      0       1       1       3
46      0       1       2       5
56      0       1       2       7
66      0       1       3       10
76      0       1       3       13
86      0       0       5       13
96      0       1      -2       11
106     0       1      -2       9
----------------------------------------------
Simulation completed successfully.
==============================================
```
